5 5 1.37972966146
6 5 1.43096908111
26 9 1.43621434735
111 13 1.43658900041
976 19 1.43661191505
4057491 42 1.43661192084
105757886 51 1.43661192106
51242916 49 1.43661192148
5829041 43 1.43661192692
51242926 49 1.4366119272
218268866 53 1.43661192725
1335639121 58 1.43661192726
450475036 55 1.43661192731
1918795096 59 1.43661192731
2756563921 60 1.43661192731
5689145006 62 1.43661192731
71849421851 69 1.43661192731
50013104086 68 1.43661192731
306042082876 73 1.43661192731
3865070532281 80 1.43661192731
439663706521 74 1.43661192731
631626124796 75 1.43661192731
907401624486 76 1.43661192731
7976940620151 82 1.43661192731
2625837485859121 98 1.43661192731
3772309451375881 99 1.43661192731
