3 3 1.44224957031
4 3 1.58740105197
7 4 1.6265765617
19 6 1.63352430307
136 10 1.63438320508
223 11 1.63486637002
52 8 1.63870363833
229 11 1.63881714342
376 12 1.63907560694
7291 18 1.63907672467
19588 20 1.63907756076
32107 21 1.63907938095
379840 26 1.63907953104
52627 22 1.63908090753
86260 23 1.63908098112
141388 24 1.63908140357
379852 26 1.63908152263
622609 27 1.63908158167
231748 25 1.63908184448
622612 27 1.63908187418
379855 26 1.63908202052
1672708 29 1.6390820501
4493881 31 1.63908205563
12073216 33 1.63908205691
32435782 35 1.639082058
2741707 30 1.63908207685
622615 27 1.63908216669
7365856 32 1.63908216893
53165038 36 1.63908216906
2769694924 44 1.63908216907
4539757564 45 1.63908216907
7441035676 46 1.63908216908
12196468897 47 1.63908216908
88031279824 51 1.63908216908
1707030852781 57 1.63908216908
2797963832866 58 1.63908216908
12320952231196 61 1.63908216908
7516982652616 60 1.63908216908
54255834939769 64 1.63908216908
20195053108261 62 1.63908216908
12320952231199 61 1.63908216908
33101351453407 63 1.63908216908
20195053108264 62 1.63908216908
4586092628188 59 1.63908216908
7516982652619 60 1.63908216908
33101351453416 63 1.63908216908
54255834939793 64 1.63908216908
88929771618442 65 1.63908216908
641874437276041 69 1.63908216908
391606015478620 68 1.63908216908
238917866880388 67 1.63908216908
641874437276044 69 1.63908216908
1724453673591115 71 1.63908216908
7593704781902764 74 1.63908216908
33439200598882363 77 1.63908216908
54809597449966009 78 1.63908216908
241356383545655875 81 1.63908216908
4680186338898214492 87 1.63908216908
243819788946138098152 95 1.63908216908
148753853556210140758 94 1.63908216908
399640668530818717147 96 1.63908216908
12702077476627627352347 103 1.63908216908
1759834608572306286298 99 1.63908216908
20819748702231512121679 104 1.63908216908
403719603451240730827081 110 1.63908216908
1777796371236406191966583 113 1.63908216908
2913954332351309137744915 114 1.63908216908
56505028199778598133798434 120 1.63908216908
1095699468042605331835356664 126 1.63908216908
1795941460740670462806867628 127 1.63908216908
2943695625014135770600794829 128 1.63908216908
4824959010163760468041741264 129 1.63908216908
7908504280108328927263814932 130 1.63908216908
34825433520921994866385020010 133 1.63908216908
21246911337238345253579158735 132 1.63908216908
57081747114674852787531405820 134 1.63908216908
153355271359041930013903895143 136 1.63908216908
675306431992486996057580766388 139 1.63908216908
4874204983724241834488780251348 143 1.63908216908
57664352314692905091344143152538 148 1.63908216908
3004091972627320440149337421503595 156 1.63908216908
4923953586614176782962831010105265 157 1.63908216908
21682838147036895423830065419940549 160 1.63908216908
95481296044035455166473320423779529 163 1.63908216908
35539953381887361562015918205362420 161 1.63908216908
95481296044035455166473320423779532 163 1.63908216908
58252903878237746026382397369101512 162 1.63908216908
13228646224116998270936968677127609 159 1.63908216908
1832789123873404612691643630957967 155 1.63908216908
1118180136692294593464371965547518 154 1.63908216908
4923953586614176782962831010105271 157 1.63908216908
8070764525203977272870308365594406 158 1.63908216908
95481296044035455166473320423779658 163 1.63908216908
156501689826566228601948177272022508 164 1.63908216908
1851495497242811563793221530986099938 169 1.63908216908
1129592849076256427097317830178116954 168 1.63908216908
420455930742378185988958643808381964 166 1.63908216908
21682838147036895423830065419940579 160 1.63908216908
420455930742378185988958643808381985 166 1.63908216908
95481296044035455166473320423779664 163 1.63908216908
689161818964379458879846861383235048 167 1.63908216908
3034753255665295560511577489358939772 170 1.63908216908
420455930742378185988958643808381991 166 1.63908216908
256519129225841328776836201169692171 165 1.63908216908
1851495497242811563793221530986100070 169 1.63908216908
4974209948922881482281007802290457230 171 1.63908216908
35902692132806980890313816653868694023 175 1.63908216908
58847462496904973480384664050831548387 176 1.63908216908
13363664482473501221714684178611133769 173 1.63908216908
21904144166809472633303305869796862365 174 1.63908216908
158099025278149299302591695822037913091 178 1.63908216908
424747316763496732509602513434606646455 180 1.63908216908
58847462496904973480384664050831548393 176 1.63908216908
158099025278149299302591695822037913094 178 1.63908216908
259137293282572814517725823466780731409 179 1.63908216908
424747316763496732509602513434606646464 180 1.63908216908
696195753272240282844774949874526440803 181 1.63908216908
5024979253099959990707791556370872444080 185 1.63908216908
8236353893760394515300339119769700745056 186 1.63908216908
13500060805507279205780367336891997537555 187 1.63908216908
261782179646715244528083208525476967489687 193 1.63908216908
429082502842209271016282191737116395198594 194 1.63908216908
5076266734489719853598708411616408633898918 199 1.63908216908
3097017849528842482334141268969793839300439 198 1.63908216908
13637849258443864453354628584520430044404996 201 1.63908216908
8320418290003446892404706691957371128193051 200 1.63908216908
5076266734489719853598708411616408633898921 199 1.63908216908
1889482972817901316107366862722189945678985 197 1.63908216908
1152768914493634495515312568321097597636878 196 1.63908216908
97440303455477753149979107580009912316139 191 1.63908216908
159712663943759717697034349094190989419782 192 1.63908216908
703301479473508159870457890623981218487763 195 1.63908216908
8320418290003446892404706691957371128193183 200 1.63908216908
13637849258443864453354628584520430044405215 201 1.63908216908
22353555544136088532520609358602351111608867 202 1.63908216908
98434828506900081124028504664531347727635242 205 1.63908216908
161342772222250873087729891650792988957367107 206 1.63908216908
