6 6 1.3480061546
7 6 1.38308755427
19 9 1.38702322584
37 11 1.38855725878
188305 37 1.38855738903
357956317 60 1.38855738908
9538242715 70 1.38855738908
18390605875 72 1.38855738908
1821753913399 86 1.38855738908
34959419757847 95 1.38855738908
9403919014615 91 1.38855738908
34467098607222967 116 1.38855738908
47859544451340187 117 1.38855738908
1275283964837338873 127 1.38855738908
1770804972555000883 128 1.38855738908
47185555404725109235 138 1.38855738908
65519851615255158889 139 1.38855738908
6490327012425122463553 153 1.38855738908
9012191530673235655267 154 1.38855738908
46521057907604802715093 159 1.38855738908
33503158222577774858719 158 1.38855738908
172943768278275234227041 163 1.38855738908
642924910385592114188551 167 1.38855738908
1222161029805612548376834571 190 1.38855738908
328755552200760956784789475 186 1.38855738908
236760507549259845745018363 185 1.38855738908
