2 2 1.41421356237
3 2 1.73205080757
47 7 1.73328956555
245 10 1.73347111131
425 11 1.73358223625
737 12 1.7336268475
3841 15 1.73365610711
6659 16 1.7336565447
11545 17 1.73366167756
1279 13 1.7337642431
3845 15 1.7337764101
6667 16 1.73378664539
104451 21 1.73378738297
60245 20 1.73378823025
104453 21 1.73378896382
313989 23 1.73378914562
544391 24 1.73378918277
1636453 26 1.73378918612
2837265 27 1.73378919709
14787297 30 1.73378919937
44450985 32 1.73378920024
181101 22 1.73378963456
34749 19 1.73379187635
20043 18 1.73379573086
2219 14 1.73384885454
739 12 1.7340184066
427 11 1.73432229405
247 10 1.73488101824
83 8 1.73733977083
145 9 1.7384091542
253 10 1.73904993349
49 7 1.74363903427
17 5 1.76234034783
53 7 1.76329560171
31 6 1.77239404546
55 7 1.77265100552
173 9 1.7728491735
307 10 1.77302082874
545 11 1.77322284733
967 12 1.7733135784
1715 13 1.77332994609
94579 20 1.77333071318
53335 19 1.77333228576
9565 16 1.77334326923
16963 17 1.77334924447
5395 15 1.77337029677
3043 14 1.77340236095
5397 15 1.77341411669
1717 13 1.77348893925
969 12 1.77361892738
309 10 1.77417251889
99 8 1.77604677459
313 10 1.77645591239
177 9 1.7773575664
57 7 1.7817192208
11 4 1.82116028684
7 3 1.91293118277
657 10 1.91318310465
1257 11 1.91318845953
2405 12 1.91319655443
16843 15 1.91320407217
32225 16 1.91320742594
225673 19 1.91320754247
5784823 24 1.91320755189
21174553 26 1.91320755238
40511315 27 1.91320755287
148286125 29 1.91320755323
77506555 28 1.9132075539
148286127 29 1.91320755412
283702139 30 1.91320755427
1986775845 33 1.91320755427
13913459631 36 1.91320755427
1038452855 32 1.91320755433
542781077 31 1.91320755444
1038452857 32 1.91320755444
1986775851 33 1.91320755444
13913459677 36 1.91320755444
26619336163 37 1.91320755444
97436437073 39 1.91320755445
186416127487 40 1.91320755445
356652743379 41 1.91320755445
682350722947 42 1.91320755445
50928315043 38 1.91320755445
356652743387 41 1.91320755445
682350722963 42 1.91320755445
1305478557955 43 1.91320755445
33464179284895 48 1.91320755445
4778525601943 45 1.91320755445
33464179284903 48 1.91320755445
64023920611227 49 1.91320755445
17491139007439 47 1.91320755445
2497651439249 44 1.91320755445
17491139007447 47 1.91320755445
33464179284921 48 1.91320755445
234350799492925 51 1.91320755445
122491048578747 50 1.91320755445
9142311280759 46 1.91320755445
1305478557957 43 1.91320755445
356652743389 41 1.91320755445
97436437077 39 1.91320755445
26619336165 37 1.91320755445
13913459679 36 1.91320755445
7272321107 35 1.91320755446
3801114569 34 1.91320755447
7272321109 35 1.91320755447
1986775853 33 1.9132075545
283702141 30 1.91320755471
40511317 27 1.91320755637
1580397 22 1.91320761082
40511349 27 1.91320761234
21174571 26 1.91320761493
11067577 25 1.91320762069
21174573 26 1.91320762188
5784829 24 1.91320763458
3023629 23 1.9132076502
826047 21 1.9132077496
431761 20 1.91320792228
826049 21 1.91320797018
3023641 23 1.91320798034
5784855 24 1.91320799286
225675 19 1.91320843487
117957 18 1.91320906003
61655 17 1.91321087717
225681 19 1.913211112
8805 14 1.91322647906
4603 13 1.91325291059
8807 14 1.91325751702
16851 15 1.91326464032
2407 12 1.91332908858
1259 11 1.91346499185
8821 14 1.91347459967
659 10 1.91376470811
95 7 1.91660202916
183 8 1.91781356535
351 9 1.91783792206
4749 13 1.91785403905
2477 12 1.91790533496
4751 13 1.91791615679
9113 14 1.91793089489
17479 15 1.91793744768
64297 17 1.91793881147
33525 16 1.91794235115
236525 19 1.91794272703
123323 18 1.91794338066
236527 19 1.91794358059
870067 21 1.91794364757
3200549 23 1.91794366641
6138473 24 1.91794367053
43307977 27 1.91794367115
83062261 28 1.91794367164
2155673533 33 1.91794367165
4134460411 34 1.91794367166
7929662181 35 1.91794367166
15208645399 36 1.91794367166
757016983889 42 1.91794367166
10243515190517 46 1.91794367166
19646485135185 47 1.91794367166
977912399879311 53 1.91794367166
3597258515506255 55 1.91794367166
6899339205133139 56 1.91794367166
1875580898784431 54 1.91794367166
6899339205133143 56 1.91794367166
13232543967107173 57 1.91794367166
25379273961649689 58 1.91794367166
179055117680309913 61 1.91794367166
93357860466006747 60 1.91794367166
48676017886021141 59 1.91794367166
93357860466006749 60 1.91794367166
179055117680309919 61 1.91794367166
8912546882385401135 67 1.91794367166
17093762891426478797 68 1.91794367166
32784874362434080821 69 1.91794367166
62879542309533646721 70 1.91794367166
120599420249322658645 71 1.91794367166
231302894872814238467 72 1.91794367166
850849532478744783571 74 1.91794367166
3129856750462945086025 76 1.91794367166
6002888947746534289479 77 1.91794367166
22081674583106439384127 79 1.91794367166
42351408026280700839391 80 1.91794367166
298796425757941243959273 83 1.91794367166
573074713896478247931643 84 1.91794367166
1099125020904979748270179 85 1.91794367166
4043140102880780884757963 87 1.91794367166
7754514973946941997940993 88 1.91794367166
104929603458354365512862895 92 1.91794367166
54709429170902157330565003 91 1.91794367166
14872722921058878626986139 89 1.91794367166
54709429170902157330565007 91 1.91794367166
104929603458354365512862905 92 1.91794367166
28525044806768029994568393 90 1.91794367166
104929603458354365512862909 92 1.91794367166
7754514973946941997940995 88 1.91794367166
4043140102880780884757965 87 1.91794367166
2108059878205692775881157 86 1.91794367166
4043140102880780884757967 87 1.91794367166
1099125020904979748270181 85 1.91794367166
573074713896478247931645 84 1.91794367166
298796425757941243959275 83 1.91794367166
81227615009811665556005 81 1.91794367166
573074713896478247931653 84 1.91794367166
298796425757941243959279 83 1.91794367166
155789990171942129036173 82 1.91794367166
42351408026280700839393 80 1.91794367166
11513202868996324827547 78 1.91794367166
298796425757941243959309 83 1.91794367166
573074713896478247931713 84 1.91794367166
1099125020904979748270315 85 1.91794367166
4043140102880780884758475 87 1.91794367166
7754514973946941997941987 88 1.91794367166
28525044806768029994572129 90 1.91794367166
54709429170902157330572255 91 1.91794367166
14872722921058878626988067 89 1.91794367166
28525044806768029994572131 90 1.91794367166
54709429170902157330572259 91 1.91794367166
104929603458354365512876967 92 1.91794367166
740296295464341811213493147 95 1.91794367166
1419846595037708756485333711 96 1.91794367166
5222916955897386580969878831 98 1.91794367166
2723185791677758297058196007 97 1.91794367166
5222916955897386580969878833 98 1.91794367166
10017260523158752692799671643 99 1.91794367166
70673485952311459691378863983 102 1.91794367166
135547765136247606000409609545 103 1.91794367166
259972978350453433635543631707 104 1.91794367166
498613528629339112399003746225 105 1.91794367166
956312661837714990167961195737 106 1.91794367166
12940268827382285290059184204457 110 1.91794367166
91295809375910584864024975067853 113 1.91794367166
175100219841424462569388102234395 114 1.91794367166
6746949359673175920344560785695 109 1.91794367166
1834153817898079750368843902959 107 1.91794367166
6746949359673175920344560785699 109 1.91794367166
3517803707885015019645001696285 108 1.91794367166
6746949359673175920344560785701 109 1.91794367166
956312661837714990167961195739 106 1.91794367166
259972978350453433635543631709 104 1.91794367166
135547765136247606000409609547 103 1.91794367166
36848572247805306692102584561 101 1.91794367166
19212541427742017550506091305 100 1.91794367166
36848572247805306692102584563 101 1.91794367166
10017260523158752692799671645 99 1.91794367166
740296295464341811213493149 95 1.91794367166
201249068922536047371732425 93 1.91794367166
740296295464341811213493153 95 1.91794367166
385984378167046334468299427 94 1.91794367166
104929603458354365512876969 92 1.91794367166
28525044806768029994572133 90 1.91794367166
4043140102880780884758477 87 1.91794367166
2108059878205692775881421 86 1.91794367166
42351408026280700839397 80 1.91794367166
22081674583106439384131 79 1.91794367166
1631881476350791905881 75 1.91794367166
443625923457493913695 73 1.91794367166
1631881476350791905885 75 1.91794367166
6002888947746534289499 77 1.91794367166
11513202868996324827585 78 1.91794367166
155789990171942129036729 82 1.91794367166
81227615009811665556293 81 1.91794367166
155789990171942129036731 82 1.91794367166
42351408026280700839541 80 1.91794367166
