4 4 1.41421356237
5 4 1.49534878122
17 7 1.49891987207
129 12 1.49927906169
2197 19 1.4992905114
7405 22 1.49929641608
24957 25 1.49929707997
56101 27 1.49929744223
84113 28 1.49929802421
955413 34 1.49929804567
637241 33 1.49929810206
16270753 41 1.49929810307
184814313 47 1.49929810313
82216621 45 1.49929810349
54836741 44 1.49929810382
184814317 47 1.49929810382
622873117 50 1.49929810385
3147397201 54 1.49929810385
35750284705 60 1.49929810385
23844680797 59 1.49929810385
80362879241 62 1.49929810386
53600334073 61 1.49929810386
406076124145 66 1.49929810386
180647298701 64 1.49929810386
120487912469 63 1.49929810386
2051915264345 70 1.49929810386
3076432665105 71 1.49929810386
23307053480997 76 1.49929810386
117771264943593 80 1.49929810386
595101858659341 84 1.49929810386
15545309782665 75 1.49929810386
78550933027085 79 1.49929810386
4612489661433 72 1.49929810386
6915497003441 73 1.49929810386
52391804421753 78 1.49929810386
595101858659601 84 1.49929810386
2005650619112997 87 1.49929810386
3007068170233069 88 1.49929810386
387970919953389813 100 1.49929810386
76779840861486909 96 1.49929810386
172593005341774921 98 1.49929810386
4406838399982179605 106 1.49929810386
9906109142380080809 108 1.49929810386
1278082856641724836733 120 1.49929810386
2872995812814247627049 122 1.49929810386
852454127271249261729 119 1.49929810386
109983343659900105159657 131 1.49929810386
1873021924398584114175929 138 1.49929810386
2808218219730897070032377 139 1.49929810386
9464437942932647994752493 142 1.49929810386
31897658432045543399462441 145 1.49929810386
362315366483501513965953669 151 1.49929810386
543218741966486342715814181 152 1.49929810386
31178460189915580105354643905 162 1.49929810386
2744901170567226581625626305 156 1.49929810386
31178460189915580105354643917 162 1.49929810386
4115425120302654502129043177 157 1.49929810386
20795370920389662391377408849 161 1.49929810386
46745806243879952337164823093 163 1.49929810386
157545727457729878809850191285 166 1.49929810386
236208010447936725829701537821 167 1.49929810386
354146222180112051337813430965 168 1.49929810386
105079654974936140659110268921 165 1.49929810386
354146222180112051337813430969 168 1.49929810386
236208010447936725829701537825 167 1.49929810386
530970759402291165275814219801 169 1.49929810386
796083452774660824074784958589 170 1.49929810386
157545727457729878809850191289 166 1.49929810386
530970759402291165275814219805 169 1.49929810386
1193566411255924562314967010293 171 1.49929810386
1789511857221825675779128033909 172 1.49929810386
2683011734359923437251282827405 173 1.49929810386
9042458980428857905291184330389 176 1.49929810386
45691826004259261106921680261765 180 1.49929810386
153993535359238608560103471664849 183 1.49929810386
5895143962715254838251065796886785 192 1.49929810386
29788345492905946427079655233286129 196 1.49929810386
44661609914511507995778112074385361 197 1.49929810386
100394600875163559454885173529311129 199 1.49929810386
1140350370436802959319517939044824585 205 1.49929810386
225676501679543920324021990617008741 201 1.49929810386
65451292233604226226441238751092719669 215 1.49929810386
1671175882083613420630477140541776134921 223 1.49929810386
2505590831217289981354766754515127419573 224 1.49929810386
743440430994555983269432063492444203201 221 1.49929810386
220588161303596165360568271516491633685 218 1.49929810386
147127619741744802220259926748162171537 217 1.49929810386
330727411975490624331188476219818789781 219 1.49929810386
495858981667946421826565060835367101521 220 1.49929810386
323270483002986370319757326126049693370509 236 1.49929810386
1089507006138866728765402348558463501941505 239 1.49929810386
726678039101787234286766565107310372687421 238 1.49929810386
2449097138266522867256631554179837212779425 241 1.49929810386
5505312732152148323997180803657099683614477 243 1.49929810386
18554359609163146633624654118748963206219089 246 1.49929810386
1064941832326103477932562020180856714359401469 256 1.49929810386
2393877211687923155637260188784284027153208669 258 1.49929810386
5381184146106416436114661514013376778227414065 260 1.49929810386
8067999186755548070865519889776560490870051933 261 1.49929810386
1596665269923110835281269942638692822162953829 257 1.49929810386
315981685814203431052347224005660657281043321 253 1.49929810386
