47 7 1.73328956555
245 10 1.73347111131
425 11 1.73358223625
737 12 1.7336268475
3841 15 1.73365610711
6659 16 1.7336565447
11545 17 1.73366167756
1279 13 1.7337642431
3845 15 1.7337764101
6667 16 1.73378664539
104451 21 1.73378738297
60245 20 1.73378823025
104453 21 1.73378896382
313989 23 1.73378914562
544391 24 1.73378918277
1636453 26 1.73378918612
2837265 27 1.73378919709
14787297 30 1.73378919937
44450985 32 1.73378920024
181101 22 1.73378963456
34749 19 1.73379187635
20043 18 1.73379573086
2219 14 1.73384885454
739 12 1.7340184066
427 11 1.73432229405
247 10 1.73488101824
83 8 1.73733977083
145 9 1.7384091542
253 10 1.73904993349
49 7 1.74363903427
17 5 1.76234034783
53 7 1.76329560171
31 6 1.77239404546
55 7 1.77265100552
173 9 1.7728491735
307 10 1.77302082874
545 11 1.77322284733
967 12 1.7733135784
1715 13 1.77332994609
94579 20 1.77333071318
53335 19 1.77333228576
9565 16 1.77334326923
16963 17 1.77334924447
5395 15 1.77337029677
3043 14 1.77340236095
5397 15 1.77341411669
1717 13 1.77348893925
969 12 1.77361892738
309 10 1.77417251889
99 8 1.77604677459
313 10 1.77645591239
177 9 1.7773575664
57 7 1.7817192208
11 4 1.82116028684
7 3 1.91293118277
657 10 1.91318310465
1257 11 1.91318845953
2405 12 1.91319655443
16843 15 1.91320407217
32225 16 1.91320742594
225673 19 1.91320754247
5784823 24 1.91320755189
21174553 26 1.91320755238
40511315 27 1.91320755287
148286125 29 1.91320755323
77506555 28 1.9132075539
148286127 29 1.91320755412
283702139 30 1.91320755427
1986775845 33 1.91320755427
13913459631 36 1.91320755427
1038452855 32 1.91320755433
542781077 31 1.91320755444
1038452857 32 1.91320755444
1986775851 33 1.91320755444
13913459677 36 1.91320755444
26619336163 37 1.91320755444
97436437073 39 1.91320755445
186416127487 40 1.91320755445
356652743379 41 1.91320755445
682350722947 42 1.91320755445
50928315043 38 1.91320755445
356652743387 41 1.91320755445
682350722963 42 1.91320755445
1305478557955 43 1.91320755445
33464179284895 48 1.91320755445
4778525601943 45 1.91320755445
33464179284903 48 1.91320755445
64023920611227 49 1.91320755445
17491139007439 47 1.91320755445
2497651439249 44 1.91320755445
17491139007447 47 1.91320755445
33464179284921 48 1.91320755445
234350799492925 51 1.91320755445
122491048578747 50 1.91320755445
9142311280759 46 1.91320755445
1305478557957 43 1.91320755445
356652743389 41 1.91320755445
97436437077 39 1.91320755445
26619336165 37 1.91320755445
13913459679 36 1.91320755445
7272321107 35 1.91320755446
3801114569 34 1.91320755447
7272321109 35 1.91320755447
1986775853 33 1.9132075545
283702141 30 1.91320755471
40511317 27 1.91320755637
1580397 22 1.91320761082
40511349 27 1.91320761234
21174571 26 1.91320761493
11067577 25 1.91320762069
21174573 26 1.91320762188
5784829 24 1.91320763458
3023629 23 1.9132076502
826047 21 1.9132077496
431761 20 1.91320792228
826049 21 1.91320797018
3023641 23 1.91320798034
5784855 24 1.91320799286
225675 19 1.91320843487
117957 18 1.91320906003
61655 17 1.91321087717
225681 19 1.913211112
8805 14 1.91322647906
4603 13 1.91325291059
8807 14 1.91325751702
16851 15 1.91326464032
2407 12 1.91332908858
1259 11 1.91346499185
8821 14 1.91347459967
659 10 1.91376470811
95 7 1.91660202916
183 8 1.91781356535
351 9 1.91783792206
4749 13 1.91785403905
2477 12 1.91790533496
4751 13 1.91791615679
9113 14 1.91793089489
17479 15 1.91793744768
64297 17 1.91793881147
33525 16 1.91794235115
236525 19 1.91794272703
123323 18 1.91794338066
236527 19 1.91794358059
870067 21 1.91794364757
3200549 23 1.91794366641
6138473 24 1.91794367053
43307977 27 1.91794367115
83062261 28 1.91794367164
2155673533 33 1.91794367165
4134460411 34 1.91794367166
7929662181 35 1.91794367166
15208645399 36 1.91794367166
757016983889 42 1.91794367166
10243515190517 46 1.91794367166
19646485135185 47 1.91794367166
977912399879311 53 1.91794367166
3597258515506255 55 1.91794367166
6899339205133139 56 1.91794367166
1875580898784431 54 1.91794367166
6899339205133143 56 1.91794367166
13232543967107173 57 1.91794367166
25379273961649689 58 1.91794367166
179055117680309913 61 1.91794367166
93357860466006747 60 1.91794367166
48676017886021141 59 1.91794367166
93357860466006749 60 1.91794367166
179055117680309919 61 1.91794367166
8912546882385401135 67 1.91794367166
17093762891426478797 68 1.91794367166
32784874362434080821 69 1.91794367166
62879542309533646721 70 1.91794367166
120599420249322658645 71 1.91794367166
231302894872814238467 72 1.91794367166
850849532478744783571 74 1.91794367166
3129856750462945086025 76 1.91794367166
6002888947746534289479 77 1.91794367166
22081674583106439384127 79 1.91794367166
42351408026280700839391 80 1.91794367166
298796425757941243959273 83 1.91794367166
573074713896478247931643 84 1.91794367166
1099125020904979748270179 85 1.91794367166
4043140102880780884757963 87 1.91794367166
7754514973946941997940993 88 1.91794367166
104929603458354365512862895 92 1.91794367166
54709429170902157330565003 91 1.91794367166
14872722921058878626986139 89 1.91794367166
54709429170902157330565007 91 1.91794367166
104929603458354365512862905 92 1.91794367166
28525044806768029994568393 90 1.91794367166
104929603458354365512862909 92 1.91794367166
7754514973946941997940995 88 1.91794367166
4043140102880780884757965 87 1.91794367166
2108059878205692775881157 86 1.91794367166
4043140102880780884757967 87 1.91794367166
1099125020904979748270181 85 1.91794367166
573074713896478247931645 84 1.91794367166
298796425757941243959275 83 1.91794367166
81227615009811665556005 81 1.91794367166
573074713896478247931653 84 1.91794367166
298796425757941243959279 83 1.91794367166
155789990171942129036173 82 1.91794367166
42351408026280700839393 80 1.91794367166
11513202868996324827547 78 1.91794367166
298796425757941243959309 83 1.91794367166
573074713896478247931713 84 1.91794367166
1099125020904979748270315 85 1.91794367166
4043140102880780884758475 87 1.91794367166
7754514973946941997941987 88 1.91794367166
28525044806768029994572129 90 1.91794367166
54709429170902157330572255 91 1.91794367166
14872722921058878626988067 89 1.91794367166
28525044806768029994572131 90 1.91794367166
54709429170902157330572259 91 1.91794367166
104929603458354365512876967 92 1.91794367166
740296295464341811213493147 95 1.91794367166
1419846595037708756485333711 96 1.91794367166
5222916955897386580969878831 98 1.91794367166
2723185791677758297058196007 97 1.91794367166
5222916955897386580969878833 98 1.91794367166
10017260523158752692799671643 99 1.91794367166
70673485952311459691378863983 102 1.91794367166
135547765136247606000409609545 103 1.91794367166
259972978350453433635543631707 104 1.91794367166
498613528629339112399003746225 105 1.91794367166
956312661837714990167961195737 106 1.91794367166
12940268827382285290059184204457 110 1.91794367166
91295809375910584864024975067853 113 1.91794367166
175100219841424462569388102234395 114 1.91794367166
6746949359673175920344560785695 109 1.91794367166
1834153817898079750368843902959 107 1.91794367166
6746949359673175920344560785699 109 1.91794367166
3517803707885015019645001696285 108 1.91794367166
6746949359673175920344560785701 109 1.91794367166
956312661837714990167961195739 106 1.91794367166
259972978350453433635543631709 104 1.91794367166
135547765136247606000409609547 103 1.91794367166
36848572247805306692102584561 101 1.91794367166
19212541427742017550506091305 100 1.91794367166
36848572247805306692102584563 101 1.91794367166
10017260523158752692799671645 99 1.91794367166
740296295464341811213493149 95 1.91794367166
201249068922536047371732425 93 1.91794367166
740296295464341811213493153 95 1.91794367166
385984378167046334468299427 94 1.91794367166
104929603458354365512876969 92 1.91794367166
28525044806768029994572133 90 1.91794367166
4043140102880780884758477 87 1.91794367166
2108059878205692775881421 86 1.91794367166
42351408026280700839397 80 1.91794367166
22081674583106439384131 79 1.91794367166
1631881476350791905881 75 1.91794367166
443625923457493913695 73 1.91794367166
1631881476350791905885 75 1.91794367166
6002888947746534289499 77 1.91794367166
11513202868996324827585 78 1.91794367166
155789990171942129036729 82 1.91794367166
81227615009811665556293 81 1.91794367166
155789990171942129036731 82 1.91794367166
42351408026280700839541 80 1.91794367166
22081674583106439384205 79 1.91794367166
42351408026280700839543 80 1.91794367166
81227615009811665556299 81 1.91794367166
11513202868996324827587 78 1.91794367166
3129856750462945086037 76 1.91794367166
850849532478744783575 74 1.91794367166
62879542309533646723 70 1.91794367166
32784874362434080823 69 1.91794367166
17093762891426478799 68 1.91794367166
4646928381729120177 66 1.91794367166
1263264473836257809 64 1.91794367166
658655669873867973 63 1.91794367166
343417629832932123 62 1.91794367166
25379273961649691 58 1.91794367166
509875453763421 52 1.91794367166
138609312197061 50 1.91794367166
72269751320297 49 1.91794367166
5340884271989 45 1.91794367166
2784692976605 44 1.91794367166
1451915933589 43 1.91794367166
205794577253 40 1.91794367166
1451915933597 43 1.91794367166
394702407105 41 1.91794367166
107299593985 39 1.91794367166
394702407109 41 1.91794367166
29169325199 37 1.91794367166
55945122673 38 1.91794367166
15208645401 36 1.91794367166
7929662183 35 1.91794367167
4134460413 34 1.91794367168
1123950389 32 1.91794367173
159308739 29 1.91794367213
22580423 26 1.91794367521
1668741 22 1.9179437272
453647 20 1.91794391009
1668745 22 1.91794393617
11773287 25 1.91794394137
22580505 26 1.91794394309
43308143 27 1.91794394342
83062591 28 1.91794394378
305546487 30 1.91794394395
6138495 24 1.91794395694
3200561 23 1.91794397906
870071 21 1.91794406744
236529 19 1.91794443414
64301 17 1.91794582994
17481 15 1.91795207731
4753 13 1.91797825039
1293 11 1.91810595285
675 10 1.91836117926
1295 11 1.9183754823
2485 12 1.9184207628
64573 17 1.91842212445
123879 18 1.91842275092
237653 19 1.91842305174
455919 20 1.9184230531
1677941 22 1.91842309838
3219001 23 1.91842310428
874647 21 1.91842320769
3219005 23 1.91842320793
83645725 28 1.91842320799
160467901 29 1.91842320837
1132977881 32 1.9184232084
4169752433 34 1.91842320841
7999349841 35 1.91842320841
108350861665 39 1.91842320841
398768834399 41 1.91842320841
2815493104653 44 1.91842320841
5401307315085 45 1.91842320841
38135737274085 48 1.91842320841
73160483456433 49 1.91842320841
10361993309015 46 1.91842320841
38135737274089 48 1.91842320841
73160483456441 49 1.91842320841
19878688449405 47 1.91842320841
73160483456445 49 1.91842320841
140352769401343 50 1.91842320841
269256010184159 51 1.91842320841
516546978941181 52 1.91842320841
3647061485208857 55 1.91842320841
13422454008088445 57 1.91842320841
6996607395723061 56 1.91842320841
13422454008088447 57 1.91842320841
990955712634855 53 1.91842320841
6996607395723069 56 1.91842320841
13422454008088463 57 1.91842320841
1901072437625217 54 1.91842320841
516546978941183 52 1.91842320841
269256010184161 51 1.91842320841
140352769401345 50 1.91842320841
38135737274093 48 1.91842320841
5401307315087 45 1.91842320841
1467607925255 43 1.91842320841
765007386703 42 1.91842320841
207862807671 40 1.91842320841
765007386707 42 1.91842320841
1467607925265 43 1.91842320841
5401307315129 45 1.91842320841
10361993309101 46 1.91842320841
108350861667 39 1.91842320841
29440388043 37 1.91842320841
56479123687 38 1.91842320841
15346138389 36 1.91842320842
2173531063 33 1.91842320844
590577657 31 1.91842320854
307845347 30 1.91842320869
590577659 31 1.91842320875
22727671 26 1.91842321199
6175415 24 1.91842322219
22727675 26 1.91842322498
1132978195 32 1.91842322502
590577815 31 1.9184232251
307845427 30 1.9184232253
11847061 25 1.91842323163
207862908303 40 1.91842323163
108350912811 39 1.91842323163
56479149661 38 1.91842323163
15346145075 36 1.91842323163
1132978321 32 1.91842323169
2173531933 33 1.91842323171
590577879 31 1.9184232318
83645755 28 1.91842323257
43601305 27 1.91842323383
83645757 28 1.91842323421
3219007 23 1.91842325975
1677945 22 1.91842330626
455921 20 1.91842347388
1677949 22 1.91842351413
237655 19 1.91842390146
64575 17 1.91842561961
33661 16 1.91842770807
9147 14 1.91844113115
33665 16 1.91844195543
17549 15 1.9184485576
353 9 1.91904906385
27 5 1.93318204493
53 6 1.93811396833
15 4 1.96798967127
59 6 1.97306776768
117 7 1.97449083907
31 5 1.98734075466
123 7 1.98864779528
245 8 1.98905027549
3835 12 1.98905647437
1929 11 1.98914556655
7633 13 1.98915610185
60077 16 1.98915792713
30203 15 1.98916131949
60079 16 1.98916206583
119507 17 1.98916219531
237719 18 1.98916228528
940599 20 1.98916232771
1871005 21 1.98916237346
472863 19 1.9891625799
7403149 23 1.98916258674
230551473 28 1.98916258674
458604365 29 1.98916258683
1814590983 31 1.98916258683
14282018625 34 1.98916258683
7179915167 33 1.98916258684
3609516495 32 1.98916258685
7179915169 33 1.98916258686
14282018631 34 1.98916258686
56510631395 36 1.98916258686
112408833731 37 1.98916258686
223599446491 38 1.98916258686
444775653403 39 1.98916258686
28409257127 35 1.98916258686
444775653421 39 1.98916258686
223599446501 38 1.98916258686
112408833737 37 1.98916258686
56510631399 36 1.98916258686
14282018633 34 1.98916258687
223599446523 38 1.98916258687
884731089427 40 1.98916258687
3500675483639 42 1.98916258687
13851360021367 44 1.98916258687
6963412700815 43 1.98916258687
13851360021369 44 1.98916258687
1759873982527 41 1.98916258687
444775653469 39 1.98916258687
7179915171 33 1.98916258687
1814590985 31 1.9891625869
912238647 30 1.98916258697
3609516503 32 1.98916258699
458604367 29 1.98916258713
58267629 26 1.9891625884
29292543 25 1.98916259066
58267631 26 1.98916259103
230551487 28 1.98916259106
1814591103 31 1.98916259108
3609516741 32 1.98916259109
14282019665 34 1.98916259109
28409259243 35 1.98916259109
56510635727 36 1.98916259109
223599464583 38 1.98916259109
884731164647 40 1.98916259109
1759874135891 41 1.98916259109
3500675796149 42 1.98916259109
13851361316779 44 1.98916259109
6963413337249 43 1.98916259109
13851361316781 44 1.98916259109
109019279512739 47 1.98916259109
431363976260523 49 1.98916259109
1706807097303791 51 1.98916259109
3395116828170441 52 1.98916259109
6753439386990363 53 1.98916259109
13433688989822037 54 1.98916259109
105731924925986761 57 1.98916259109
53153988215632091 56 1.98916259109
105731924925986763 57 1.98916259109
26721791598945367 55 1.98916259109
105731924925986767 57 1.98916259109
210317989747132303 58 1.98916259109
418356677439087377 59 1.98916259109
1655340235982553831 61 1.98916259109
3292740872949213019 62 1.98916259109
51551189080049575621 66 1.98916259109
25916025824564395771 65 1.98916259109
13028611105294853235 64 1.98916259109
832179452496212535 60 1.98916259109
6549796966636781655 63 1.98916259109
203976085715460428315 68 1.98916259109
1605425300370111426251 71 1.98916259109
25134557016977723879203 75 1.98916259109
6352295155977180677925 73 1.98916259109
3193451950292076823495 72 1.98916259109
6352295155977180677927 73 1.98916259109
49996720561891331503899 76 1.98916259109
197825414715234377863869 78 1.98916259109
393506914519201069062769 79 1.98916259109
1557015493880393085770447 81 1.98916259109
6160748791785999063289563 83 1.98916259109
96452754132330884991362049 87 1.98916259109
48489125305379737259267823 86 1.98916259109
24376652528294149028904719 85 1.98916259109
12254731029748278321678905 84 1.98916259109
3097156974180629470001437 82 1.98916259109
12254731029748278321678909 84 1.98916259109
24376652528294149028904729 85 1.98916259109
48489125305379737259267845 86 1.98916259109
381641153103924378024187721 89 1.98916259109
759146304976304828196595177 90 1.98916259109
191860210328019983663989279 88 1.98916259109
759146304976304828196595181 90 1.98916259109
1510065431026103754758221193 91 1.98916259109
3003765665501365062774412155 92 1.98916259109
5974978294227893744531289081 93 1.98916259109
11885203305476775628747520165 94 1.98916259109
47026989899672611058743581889 96 1.98916259109
23641601802801176907628819507 95 1.98916259109
47026989899672611058743581891 96 1.98916259109
93544329080184218426070841157 97 1.98916259109
186074880015289213365208291543 98 1.98916259109
370133190468718167761967040733 99 1.98916259109
1464531094868616998753210378305 101 1.98916259109
2913190467406593417791413822497 102 1.98916259109
11526818276926117375965316487397 104 1.98916259109
22928715710800051758054661540031 105 1.98916259109
90723604336442938405826180671275 107 1.98916259109
180463999875265844823488686572129 108 1.98916259109
2825346463227555475629807951557435 112 1.98916259109
11179239948554501938447284490759937 114 1.98916259109
22237325902528247427063247172590099 115 1.98916259109
175022309557872601726299033187252067 118 1.98916259109
2740151296862777014026488362382974201 122 1.98916259109
348147830779394324889892903849038157 119 1.98916259109
2740151296862777014026488362382974209 122 1.98916259109
5450606453657150598063812128537136343 123 1.98916259109
42899840304164386260638573071073494193 126 1.98916259109
337649821863027893549835715188341191789 129 1.98916259109
1336001947485566882119977490665566671793 131 1.98916259109
20916461897123359210531826435364950777621 135 1.98916259109
5286249504995433224241879695471878625617 133 1.98916259109
20916461897123359210531826435364950777625 135 1.98916259109
164626245307559931169376120477826969613031 138 1.98916259109
327468368678062652771387718437125666315797 139 1.98916259109
82761583213274998198255334823787138852829 137 1.98916259109
10515209762526099876541713786153379550559 134 1.98916259109
82761583213274998198255334823787138852837 137 1.98916259109
327468368678062652771387718437125666315833 139 1.98916259109
5126848556515175577971940288630177629247009 143 1.98916259109
20285749354686239982490435498091671242342369 145 1.98916259109
40351653748651154197867193138776672540851071 146 1.98916259109
317593925840047012041521196038764387651691013 149 1.98916259109
631745956439704137433055486009409800179369539 150 1.98916259109
1256645423624760216056747076617983770397347129 151 1.98916259109
2499672066943847458977137632116181715342720651 152 1.98916259109
4972254165567322506105535474934295633908351785 153 1.98916259109
9890621979557838604088211362931692464502839039 154 1.98916259109
19674055244388554628816928351125859125679671353 155 1.98916259109
77845668558073235627856587257477196732616993161 157 1.98916259109
4822321395778956650898964141191365605437377622633 163 1.98916259109
9592381322715712321482376172596230865833075659659 164 1.98916259109
1218752684691444393367515535531975675702030112323 161 1.98916259109
9592381322715712321482376172596230865833075659667 164 1.98916259109
612696362855463477258462031198080858659669891927 160 1.98916259109
308017235794934236765224884790674384572159187857 159 1.98916259109
154847691774421817134352155369223946716660510731 158 1.98916259109
308017235794934236765224884790674384572159187859 159 1.98916259109
612696362855463477258462031198080858659669891933 160 1.98916259109
75498319385184097814862573250375058046385877695057 167 1.98916259109
298729320139878129185690891233830929301067422202987 169 1.98916259109
150178432611475297975573065320078970470907851875723 168 1.98916259109
19080806086654893703497045133216532312639262658021 165 1.98916259109
2424297248183604398724422521515177231684517266441 162 1.98916259109
19080806086654893703497045133216532312639262658029 165 1.98916259109
37954825675492647239394445683987678253713849763337 166 1.98916259109
9592381322715712321482376172596230865833075659785 164 1.98916259109
4822321395778956650898964141191365605437377622697 163 1.98916259109
9592381322715712321482376172596230865833075659787 164 1.98916259109
77845668558073235627856587257477196732616993163 157 1.98916259109
19674055244388554628816928351125859125679671355 155 1.98916259109
9890621979557838604088211362931692464502839041 154 1.98916259109
4972254165567322506105535474934295633908351787 153 1.98916259109
2499672066943847458977137632116181715342720653 152 1.98916259109
1256645423624760216056747076617983770397347131 151 1.98916259109
159662124786579851606117728440790356360935915 148 1.98916259109
80266000125594917002120313573517814918256281 147 1.98916259109
10198135358824269103166356177647672678571957 144 1.98916259109
80266000125594917002120313573517814918256289 147 1.98916259109
159662124786579851606117728440790356360935933 148 1.98916259109
631745956439704137433055486009409800179369617 150 1.98916259109
317593925840047012041521196038764387651691053 149 1.98916259109
631745956439704137433055486009409800179369619 150 1.98916259109
40351653748651154197867193138776672540851077 146 1.98916259109
20285749354686239982490435498091671242342373 145 1.98916259109
5126848556515175577971940288630177629247011 143 1.98916259109
2577390395068462495184363173832885524760173 142 1.98916259109
2657525095567022618957250356135741431859 132 1.98916259109
671640394539488671714135685096020414135 130 1.98916259109
2657525095567022618957250356135741431863 132 1.98916259109
169744707333012377759762551898745395059 128 1.98916259109
2657525095567022618957250356135741431879 132 1.98916259109
20916461897123359210531826435364950777797 135 1.98916259109
82761583213274998198255334823787138853519 137 1.98916259109
5286249504995433224241879695471878625661 133 1.98916259109
337649821863027893549835715188341191793 129 1.98916259109
85334757496950516914760660594261818313 127 1.98916259109
337649821863027893549835715188341191797 129 1.98916259109
1336001947485566882119977490665566671825 131 1.98916259109
42899840304164386260638573071073494195 126 1.98916259109
10842142456390345424217194850023571579 124 1.98916259109
21566784181563703917947454174497305885 125 1.98916259109
42899840304164386260638573071073494201 126 1.98916259109
1377540131274912905899272676497913539 121 1.98916259109
692522641156896055350019089670240151 120 1.98916259109
1377540131274912905899272676497913541 121 1.98916259109
5450606453657150598063812128537136357 123 1.98916259109
2740151296862777014026488362382974217 122 1.98916259109
175022309557872601726299033187252069 118 1.98916259109
5620073491531997865017662869873311 113 1.98916259109
44233656811274848713249214633217997 116 1.98916259109
87987935396278315359692106463995815 117 1.98916259109
175022309557872601726299033187252107 118 1.98916259109
348147830779394324889892903849038237 119 1.98916259109
22237325902528247427063247172590105 115 1.98916259109
11179239948554501938447284490759941 114 1.98916259109
2825346463227555475629807951557437 112 1.98916259109
358972237591071408877851618586865 109 1.98916259109
1420369795750918728794011074385083 111 1.98916259109
714054146257467205516467220520847 110 1.98916259109
1420369795750918728794011074385085 111 1.98916259109
2825346463227555475629807951557451 112 1.98916259109
11179239948554501938447284490760001 114 1.98916259109
44233656811274848713249214633218245 116 1.98916259109
175022309557872601726299033187253103 118 1.98916259109
348147830779394324889892903849040235 119 1.98916259109
2740151296862777014026488362382990977 122 1.98916259109
1377540131274912905899272676497921899 121 1.98916259109
692522641156896055350019089670244319 120 1.98916259109
87987935396278315359692106463996313 117 1.98916259109
692522641156896055350019089670244327 120 1.98916259109
1377540131274912905899272676497921917 121 1.98916259109
2740151296862777014026488362382991015 122 1.98916259109
5450606453657150598063812128537170047 123 1.98916259109
21566784181563703917947454174497441409 125 1.98916259109
42899840304164386260638573071073765937 126 1.98916259109
85334757496950516914760660594262363145 127 1.98916259109
169744707333012377759762551898746487355 128 1.98916259109
337649821863027893549835715188343381521 129 1.98916259109
1336001947485566882119977490665575470383 131 1.98916259109
2657525095567022618957250356135759067285 132 1.98916259109
5286249504995433224241879695471913971105 133 1.98916259109
82761583213274998198255334823787708864881 137 1.98916259109
164626245307559931169376120477828111735937 138 1.98916259109
327468368678062652771387718437127954646769 139 1.98916259109
10198135358824269103166356177647746506034069 144 1.98916259109
40351653748651154197867193138776968716173129 146 1.98916259109
651387828740980937135616075861430492553995 140 1.98916259109
80266000125594917002120313573518408094338897 147 1.98916259109
20285749354686239982490435498091819116993413 145 1.98916259109
5126848556515175577971940288630214486350471 143 1.98916259109
2577390395068462495184363173832903924141723 142 1.98916259109
5126848556515175577971940288630214486350473 143 1.98916259109
20285749354686239982490435498091819116993425 145 1.98916259109
80266000125594917002120313573518408094338949 147 1.98916259109
159662124786579851606117728440791544311301149 148 1.98916259109
317593925840047012041521196038766766644512391 149 1.98916259109
1295716301225505477100930274295004745593715 141 1.98916259109
159662124786579851606117728440791544311301279 148 1.98916259109
80266000125594917002120313573518408094339015 147 1.98916259109
40351653748651154197867193138776968716173253 146 1.98916259109
10198135358824269103166356177647746506034101 144 1.98916259109
327468368678062652771387718437127954646771 139 1.98916259109
20916461897123359210531826435365092734581 135 1.98916259109
164626245307559931169376120477828111735947 138 1.98916259109
82761583213274998198255334823787708864887 137 1.98916259109
41606243543800859792179864871248347710043 136 1.98916259109
10515209762526099876541713786153450387113 134 1.98916259109
41606243543800859792179864871248347710047 136 1.98916259109
82761583213274998198255334823787708864897 137 1.98916259109
164626245307559931169376120477828111735969 138 1.98916259109
5286249504995433224241879695471913971107 133 1.98916259109
671640394539488671714135685096024803633 130 1.98916259109
2657525095567022618957250356135759067291 132 1.98916259109
1336001947485566882119977490665575470387 131 1.98916259109
337649821863027893549835715188343381523 129 1.98916259109
10842142456390345424217194850023639167 124 1.98916259109
169744707333012377759762551898746487373 128 1.98916259109
42899840304164386260638573071073765943 126 1.98916259109
21566784181563703917947454174497441413 125 1.98916259109
5450606453657150598063812128537170049 123 1.98916259109
2740151296862777014026488362382991017 122 1.98916259109
348147830779394324889892903849040241 119 1.98916259109
175022309557872601726299033187253107 118 1.98916259109
44233656811274848713249214633218247 116 1.98916259109
5620073491531997865017662869873343 113 1.98916259109
180463999875265844823488686572131 108 1.98916259109
45608943553752776071224877826781 106 1.98916259109
180463999875265844823488686572135 108 1.98916259109
90723604336442938405826180671279 107 1.98916259109
11526818276926117375965316487399 104 1.98916259109
5794809498496845292343231168583 103 1.98916259109
11526818276926117375965316487401 104 1.98916259109
22928715710800051758054661540039 105 1.98916259109
736255096202645087031718445767 100 1.98916259109
2913190467406593417791413822503 102 1.98916259109
1464531094868616998753210378309 101 1.98916259109
370133190468718167761967040735 99 1.98916259109
186074880015289213365208291545 98 1.98916259109
47026989899672611058743581893 96 1.98916259109
11885203305476775628747520167 94 1.98916259109
5974978294227893744531289083 93 1.98916259109
1510065431026103754758221195 91 1.98916259109
381641153103924378024187725 89 1.98916259109
96452754132330884991362097 87 1.98916259109
381641153103924378024187729 89 1.98916259109
48489125305379737259267847 86 1.98916259109
6160748791785999063289567 83 1.98916259109
1557015493880393085770449 81 1.98916259109
782749233698419839761551 80 1.98916259109
99451606219094513949257 77 1.98916259109
782749233698419839761559 80 1.98916259109
1557015493880393085770467 81 1.98916259109
12254731029748278321679065 84 1.98916259109
24376652528294149028905043 85 1.98916259109
48489125305379737259268477 86 1.98916259109
96452754132330884991363367 87 1.98916259109
191860210328019983663991837 88 1.98916259109
1510065431026103754758242011 91 1.98916259109
5974978294227893744531373261 93 1.98916259109
11885203305476775628747689413 94 1.98916259109
93544329080184218426072215757 97 1.98916259109
11526818276926117375965498093215 104 1.98916259109
22928715710800051758055026257025 105 1.98916259109
45608943553752776071225610217527 106 1.98916259109
180463999875265844823491639149627 108 1.98916259109
90723604336442938405827651259367 107 1.98916259109
180463999875265844823491639149629 108 1.98916259109
358972237591071408877857546124655 109 1.98916259109
714054146257467205516479119530087 110 1.98916259109
1420369795750918728794034958622445 111 1.98916259109
2825346463227555475629855889203623 112 1.98916259109
22237325902528247427063634579509047 115 1.98916259109
175022309557872601726302161876208113 118 1.98916259109
2740151296862777014026539005606923409 122 1.98916259109
5450606453657150598063913691861795145 123 1.98916259109
692522641156896055350031678987962893 120 1.98916259109
5450606453657150598063913691861795153 123 1.98916259109
348147830779394324889899180061348613 119 1.98916259109
5620073491531997865017759077036639 113 1.98916259109
692522641156896055350031678987963025 120 1.98916259109
175022309557872601726302161876208147 118 1.98916259109
44233656811274848713249991949571749 116 1.98916259109
11179239948554501938447477556005009 114 1.98916259109
44233656811274848713249991949571753 116 1.98916259109
87987935396278315359693666001992741 117 1.98916259109
175022309557872601726302161876208169 118 1.98916259109
22237325902528247427063634579509055 115 1.98916259109
2825346463227555475629855889203625 112 1.98916259109
1420369795750918728794034958622447 111 1.98916259109
2825346463227555475629855889203627 112 1.98916259109
714054146257467205516479119530089 110 1.98916259109
358972237591071408877857546124657 109 1.98916259109
180463999875265844823491639149631 108 1.98916259109
45608943553752776071225610217529 106 1.98916259109
22928715710800051758055026257027 105 1.98916259109
11526818276926117375965498093217 104 1.98916259109
5794809498496845292343321588345 103 1.98916259109
1464531094868616998753232786505 101 1.98916259109
186074880015289213365211054035 98 1.98916259109
47026989899672611058744265813 96 1.98916259109
186074880015289213365211054039 98 1.98916259109
370133190468718167761972591859 99 1.98916259109
1464531094868616998753232786549 101 1.98916259109
2913190467406593417791458837461 102 1.98916259109
736255096202645087031729599395 100 1.98916259109
2913190467406593417791458837465 102 1.98916259109
11526818276926117375965498093601 104 1.98916259109
90723604336442938405827651262491 107 1.98916259109
22928715710800051758055026257801 105 1.98916259109
90723604336442938405827651262495 107 1.98916259109
358972237591071408877857546137263 109 1.98916259109
1420369795750918728794034958673247 111 1.98916259109
714054146257467205516479119555397 110 1.98916259109
1420369795750918728794034958673249 111 1.98916259109
44233656811274848713249991951225149 116 1.98916259109
2825346463227555475629855889305591 112 1.98916259109
22237325902528247427063634580333099 115 1.98916259109
11179239948554501938447477556415675 114 1.98916259109
5620073491531997865017759077241281 113 1.98916259109
11179239948554501938447477556415677 114 1.98916259109
22237325902528247427063634580333105 115 1.98916259109
44233656811274848713249991951225179 116 1.98916259109
87987935396278315359693666005310027 117 1.98916259109
175022309557872601726302161882863189 118 1.98916259109
348147830779394324889899180074698827 119 1.98916259109
692522641156896055350031679014741799 120 1.98916259109
1377540131274912905899297927436485357 121 1.98916259109
10842142456390345424217398518910364681 124 1.98916259109
21566784181563703917947862572209582697 125 1.98916259109
169744707333012377759765843400619377947 128 1.98916259109
337649821863027893549842313671771780001 129 1.98916259109
671640394539488671714148912300142509941 130 1.98916259109
1336001947485566882120004004117957450975 131 1.98916259109
2657525095567022618957303498295517436819 132 1.98916259109
5286249504995433224241986204689298603939 133 1.98916259109
10515209762526099876541927243267818659385 134 1.98916259109
20916461897123359210532254204935279843189 135 1.98916259109
41606243543800859792180722077461836152029 136 1.98916259109
327468368678062652771394614036980127641707 139 1.98916259109
651387828740980937135629891010334617870293 140 1.98916259109
2577390395068462495184418618074238255118357 142 1.98916259109
5126848556515175577972051352914283493186549 143 1.98916259109
82761583213274998198257052483986115210289 137 1.98916259109
164626245307559931169379562122694546614967 138 1.98916259109
10198135358824269103166578647496327244835847 144 1.98916259109
20285749354686239982490881099908237569277633 145 1.98916259109
80266000125594917002122101035656145248225305 147 1.98916259109
40351653748651154197868085626168047997854373 146 1.98916259109
80266000125594917002122101035656145248225307 147 1.98916259109
1256645423624760216056775822629586230825461039 151 1.98916259109
317593925840047012041528364836900064403074295 149 1.98916259109
1256645423624760216056775822629586230825461043 151 1.98916259109
2499672066943847458977195191285852316667516819 152 1.98916259109
4972254165567322506105650722734978058046672667 153 1.98916259109
9890621979557838604088442107889396998633637081 154 1.98916259109
39134894707254470327465993515410526285677891425 156 1.98916259109
308017235794934236765232304041243279011978557823 159 1.98916259109
4822321395778956650899083219224147540685968740957 163 1.98916259109
75498319385184097814864483286805116040073864214603 167 1.98916259109
298729320139878129185698539314328962216446045693883 169 1.98916259109
9303133779711872610859989072773291804124721853467869 174 1.98916259109
18505445694545802218763021853108235727098145913596433 175 1.98916259109
36810340307112066007537196263466268013087172008073379 176 1.98916259109
73221751904347007798497311031786931532489493492185411 177 1.98916259109
289721471205740419886446157259601846639998638383946805 179 1.98916259109
2280297605980052516360127452745833128235977418157140203 182 1.98916259109
17947434652317660282653188665255783040853264713571934611 185 1.98916259109
9022608173244858547636316173612371029187423488333099321 184 1.98916259109
1146360592235917764148815143506327042212231446087973581 181 1.98916259109
576303112359176820758787267472043639045025386930518305 180 1.98916259109
1146360592235917764148815143506327042212231446087973583 181 1.98916259109
4535882694376730226890323204651167565414107796598008111 183 1.98916259109
9022608173244858547636316173612371029187423488333099347 184 1.98916259109
17947434652317660282653188665255783040853264713571934665 185 1.98916259109
35700365616494470789878608436451250775765648710546209427 186 1.98916259109
71013831772709349188677403993460725766536546568869223021 187 1.98916259109
280985243893418245604576807836039004908514726995685393093 189 1.98916259109
2211537779023909777132496973684853073008114313550685076629 192 1.98916259109
1111793369192412739159380994550027706395812023311329873695 191 1.98916259109
558925335802211858050894545816923165917950331623653259707 190 1.98916259109
1111793369192412739159380994550027706395812023311329873697 191 1.98916259109
2211537779023909777132496973684853073008114313550685076635 192 1.98916259109
8750541503061798824542231942211498044163956623226807229421 194 1.98916259109
136998578686552401509084873025270449509871635257310333592637 198 1.98916259109
542071566684366172054013893795542033783549078860376358503117 200 1.98916259109
1078268482144258746984618415796700425591083144121516668238267 201 1.98916259109
8486678699388646226475370366044868803637891695407943389549205 204 1.98916259109
2144851327837070043656632788372627270073724469068467104978053 202 1.98916259109
8486678699388646226475370366044868803637891695407943389549209 204 1.98916259109
33579817123869259642462188480753393101449806563583972851512759 206 1.98916259109
66795716038578504611095404484787606530116430945869168996194403 207 1.98916259109
132867539589277985566858226535606434100636253307508306560953541 208 1.98916259109
264295139321693049214839641273629315509384522528791060007542001 209 1.98916259109
1045754500613924021633635093463883014758046774212382343068438141 211 1.98916259109
525726004146689122728098882018988484011420697526495692374821217 210 1.98916259109
1045754500613924021633635093463883014758046774212382343068438143 211 1.98916259109
2080175732089406906490722599833924659666068886026716979421025163 212 1.98916259109
16372344521655506294995260938373661783498147042960343519358248419 215 1.98916259109
32567255250979950856011799804861484995204903730661602120564709147 216 1.98916259109
1014220941874815343716431505146840686248504733848359770453532410569 221 1.98916259109
256325614643225170961866142231761424649491430877289873160314629851 219 1.98916259109
509873323787480367182441335198387825387530816557664382066797741611 220 1.98916259109
1014220941874815343716431505146840686248504733848359770453532410575 221 1.98916259109
2017450356681506587321567000200764483374768802457215196229610990765 222 1.98916259109
7982582637272456485465973562587677147824558079693201460164867357713 224 1.98916259109
15878654762378869115691785679914570083376418866301663210440782471557 225 1.98916259109
31585226050220661278192829796840149411692068892890235882497362173185 226 1.98916259109
62828150090346691898129020163766825721420622246075231538934224405447 227 1.98916259109
124975405827356863147378428796773143246249975882045692648945368557445 228 1.98916259109
1956616394897641817034765726653188882082642293210500887938199805850657 232 1.98916259109
3892028137851597659087110159789751682657649175342789392856176902161405 233 1.98916259109
30632808842971783075171420565734359768124562706213177074584359135892503 236 1.98916259109
60933637410573000505995416654750992190394022410266665437322729341620893 237 1.98916259109
241100255284390267581122329026730099503276968761804498910367074370004223 239 1.98916259109
121206912076397786456922290594152985812432607590137394292426393170037777 238 1.98916259109
241100255284390267581122329026730099503276968761804498910367074370004225 239 1.98916259109
479587608514923022251588607754306742009296273911356304018296451297889735 240 1.98916259109
953977730010119995321764921218672866675375773693479866563187749003236609 241 1.98916259109
1897616813272904281887796185367765303065147652627805780161749017784457947 242 1.98916259109
117552053044662073328977943661706628351716122892067620237498003696954160861 248 1.98916259109
465126179934146402242049131117292967236734021192285588665457254268293733203 250 1.98916259109
925211597263461522088326469950959311081444996436589005737832573615232520279 251 1.98916259109
3660847469013771804321046565380896863321707311835583947953657407220103510717 253 1.98916259109
1840396298122807101075230293113456952436873653549218705660867782072255081989 252 1.98916259109
3660847469013771804321046565380896863321707311835583947953657407220103510719 253 1.98916259109
7282020837063352450851077835272309809363857313713709905720949874879908992965 254 1.98916259109
57314270193183433952213462360585231492510353576337605426006088934519656186533 257 1.98916259109
28813265667570026091306782694505028382173293789620706221144872367355980304763 256 1.98916259109
14485123436653449386807366883063521346945905741355425690922839657738482822361 255 1.98916259109
28813265667570026091306782694505028382173293789620706221144872367355980304765 256 1.98916259109
57314270193183433952213462360585231492510353576337605426006088934519656186539 257 1.98916259109
114007402204134469295039768624077144743920176198576512984215636585166435189135 258 1.98916259109
451100819577160004348303288571775059962092051630899147695821240845373494544621 260 1.98916259109
1784901203685227409057864871310516208561602154326746110491282270926687213909213 262 1.98916259109
226779259572272122358210065541332535280209979268452175237974405445378329047251 259 1.98916259109
1784901203685227409057864871310516208561602154326746110491282270926687213909221 262 1.98916259109
897312875114731366076935651151586889918801116512330212758777545645065075231025 261 1.98916259109
1784901203685227409057864871310516208561602154326746110491282270926687213909223 262 1.98916259109
14048340720954114692604100460454565404916573802211513340913973236726441814850155 265 1.98916259109
27944433829064462792819528004952090830220024793750242701304003641335253375378289 266 1.98916259109
55586022402076742416916389811126278103768798358233027951690555478097558962858091 267 1.98916259109
110569636349924197759478117381504462182497294546395828337860470894031419767896333 268 1.98916259109
219940984338136734510591897203789910488770161170423446472651058408994619443770413 269 1.98916259109
437498378293813315062499009828916761398991707679259097042435685028105182730804087 270 1.98916259109
870255407766345447755763384410210703098866861957662348111895028224593449413054825 271 1.98916259109
1731079501826070727964176356055679881813402157818893574033778468814862772603691205 272 1.98916259109
27101800644064898256339943844920358889620693890481390921557379544024617193464671571 276 1.98916259109
3443398587242060510002300075714249617458303214289464767768081795739700847476332929 273 1.98916259109
27101800644064898256339943844920358889620693890481390921557379544024617193464671579 276 1.98916259109
53909887992461217331267498317902769980935913835946246867586084469091068731212384269 277 1.98916259109
107235532484671565069367503768740408154439237534806567381644870978615404142594093519 278 1.98916259109
1678880733261504846339839600275466945772060493899446765713788258893185595779686227885 282 1.98916259109
3339566749512252516732925340911188390294366898458879219610422403391609606684107797921 283 1.98916259109
844013828119576830074883893963326577334804741669227170322517175772336293543658660495 281 1.98916259109
13624728700110643942304561550333086871306704134655660316551084726904388813472081619 275 1.98916259109
6849479655967841975906027865444095072969800726108235520459194223186248822834589613 274 1.98916259109
13624728700110643942304561550333086871306704134655660316551084726904388813472081621 275 1.98916259109
844013828119576830074883893963326577334804741669227170322517175772336293543658660685 281 1.98916259109
1678880733261504846339839600275466945772060493899446765713788258893185595779686228267 282 1.98916259109
6642941248591165180016795713014306693837115417585985374393137297322441539244915284213 284 1.98916259109
818563533992222747802709370924533620943666957582059811691587987524318073305382996023451 291 1.98916259109
411511626881153201879477650480277764259075879851538024028866613258470959612044423673955 290 1.98916259109
206876817774272343389162784025311749433057852905206323713992865092388139768497510956807 289 1.98916259109
104001964796901803935699490492275261975127606711486272728261682707316197766825123419273 288 1.98916259109
26284576121441739472290359650231718600804559165491720747159374388373334569855575836015 286 1.98916259109
13213890226532825051015402486747495076743906270862499107048768194085608511057614754237 285 1.98916259109
26284576121441739472290359650231718600804559165491720747159374388373334569855575836017 286 1.98916259109
104001964796901803935699490492275261975127606711486272728261682707316197766825123419285 288 1.98916259109
52284295543534576187044494915952215764330923566060396628480663716215440758746342387223 287 1.98916259109
104001964796901803935699490492275261975127606711486272728261682707316197766825123419287 288 1.98916259109
206876817774272343389162784025311749433057852905206323713992865092388139768497510956837 289 1.98916259109
411511626881153201879477650480277764259075879851538024028866613258470959612044423674017 290 1.98916259109
818563533992222747802709370924533620943666957582059811691587987524318073305382996023577 291 1.98916259109
6642941248591165180016795713014306693837115417585985374393137297322441539244915284215 284 1.98916259109
3339566749512252516732925340911188390294366898458879219610422403391609606684107798685 283 1.98916259109
6642941248591165180016795713014306693837115417585985374393137297322441539244915284217 284 1.98916259109
1678880733261504846339839600275466945772060493899446765713788258893185595779686228269 282 1.98916259109
844013828119576830074883893963326577334804741669227170322517175772336293543658660687 281 1.98916259109
424306103431889511009417741432593481045982872411235901907291311242988155882786742869 280 1.98916259109
844013828119576830074883893963326577334804741669227170322517175772336293543658660689 281 1.98916259109
213308909654554281342023733116838137071028526138668969891247374024813986866656954405 279 1.98916259109
844013828119576830074883893963326577334804741669227170322517175772336293543658660693 281 1.98916259109
107235532484671565069367503768740408154439237534806567381644870978615404142594093545 278 1.98916259109
27101800644064898256339943844920358889620693890481390921557379544024617193464671587 276 1.98916259109
1731079501826070727964176356055679881813402157818893574033778468814862772603691207 272 1.98916259109
870255407766345447755763384410210703098866861957662348111895028224593449413054827 271 1.98916259109
437498378293813315062499009828916761398991707679259097042435685028105182730804089 270 1.98916259109
55586022402076742416916389811126278103768798358233027951690555478097558962858093 267 1.98916259109
27944433829064462792819528004952090830220024793750242701304003641335253375378291 266 1.98916259109
7062439633568512703944828210912454025279456678168528219558136696746193002930001 264 1.98916259109
3550458703169309462730141431215294678568270265729588010316584878459980223971515 263 1.98916259109
7062439633568512703944828210912454025279456678168528219558136696746193002930003 264 1.98916259109
14048340720954114692604100460454565404916573802211513340913973236726441814850163 265 1.98916259109
451100819577160004348303288571775059962092051630899147695821240845373494544625 260 1.98916259109
114007402204134469295039768624077144743920176198576512984215636585166435189137 258 1.98916259109
57314270193183433952213462360585231492510353576337605426006088934519656186541 257 1.98916259109
7282020837063352450851077835272309809363857313713709905720949874879908992967 254 1.98916259109
3660847469013771804321046565380896863321707311835583947953657407220103510721 253 1.98916259109
925211597263461522088326469950959311081444996436589005737832573615232520281 251 1.98916259109
465126179934146402242049131117292967236734021192285588665457254268293733205 250 1.98916259109
14935486342677263111672107642747014082991878379076796443193261711073149847 245 1.98916259109
7508429129698758723032046245739635059240878757289132132244437593072813305 244 1.98916259109
14935486342677263111672107642747014082991878379076796443193261711073149849 245 1.98916259109
233830146422739542237753625116200132680953441057606803556499367764987045221 249 1.98916259109
59096251644271408255649440613418223480172940818492913127012071968351022817 247 1.98916259109
3774668377193472692550183176833119455859089267071339443493728305891125217 243 1.98916259109
29709110712648979790231801461484730092157003689635609010540138798829397793 246 1.98916259109
59096251644271408255649440613418223480172940818492913127012071968351022835 247 1.98916259109
233830146422739542237753625116200132680953441057606803556499367764987045297 249 1.98916259109
1897616813272904281887796185367765303065147652627805780161749017784457949 242 1.98916259109
953977730010119995321764921218672866675375773693479866563187749003236611 241 1.98916259109
60933637410573000505995416654750992190394022410266665437322729341620895 237 1.98916259109
15399851666285519200931328164461364413328352226917921574606358321358245 235 1.98916259109
7741876775299646464592959033090681636581707146153908284934932232181871 234 1.98916259109
15399851666285519200931328164461364413328352226917921574606358321358247 235 1.98916259109
30632808842971783075171420565734359768124562706213177074584359135892511 236 1.98916259109
3892028137851597659087110159789751682657649175342789392856176902161407 233 1.98916259109
248596402078569578153898216592666760129093954279299871646071844715529 229 1.98916259109
3892028137851597659087110159789751682657649175342789392856176902161423 233 1.98916259109
1956616394897641817034765726653188882082642293210500887938199805850667 232 1.98916259109
983638242372907234332457170228643871134689471617194465548011917974571 231 1.98916259109
1956616394897641817034765726653188882082642293210500887938199805850669 232 1.98916259109
494498663295253733989293079455207886129035305535949323067902164010321 230 1.98916259109
1956616394897641817034765726653188882082642293210500887938199805850673 232 1.98916259109
124975405827356863147378428796773143246249975882045692648945368557447 228 1.98916259109
62828150090346691898129020163766825721420622246075231538934224405449 227 1.98916259109
31585226050220661278192829796840149411692068892890235882497362173187 226 1.98916259109
15878654762378869115691785679914570083376418866301663210440782471559 225 1.98916259109
7982582637272456485465973562587677147824558079693201460164867357715 224 1.98916259109
128861067361140621092617776601304173171729931740919462845376418089 218 1.98916259109
64781565839859011943990555229340839179710451681211205785166980909 217 1.98916259109
128861067361140621092617776601304173171729931740919462845376418091 218 1.98916259109
15878654762378869115691785679914570083376418866301663210440782471941 225 1.98916259109
31585226050220661278192829796840149411692068892890235882497362173953 226 1.98916259109
248596402078569578153898216592666760129093954279299871646071844721651 229 1.98916259109
494498663295253733989293079455207886129035305535949323067902164022551 230 1.98916259109
124975405827356863147378428796773143246249975882045692648945368560511 228 1.98916259109
494498663295253733989293079455207886129035305535949323067902164022555 230 1.98916259109
983638242372907234332457170228643871134689471617194465548011917999015 231 1.98916259109
7741876775299646464592959033090681636581707146153908284934932232376803 234 1.98916259109
3892028137851597659087110159789751682657649175342789392856176902258985 233 1.98916259109
1956616394897641817034765726653188882082642293210500887938199805899503 232 1.98916259109
3892028137851597659087110159789751682657649175342789392856176902258987 233 1.98916259109
7741876775299646464592959033090681636581707146153908284934932232376809 234 1.98916259109
30632808842971783075171420565734359768124562706213177074584359136670427 236 1.98916259109
60933637410573000505995416654750992190394022410266665437322729343174867 237 1.98916259109
241100255284390267581122329026730099503276968761804498910367074376204825 239 1.98916259109
479587608514923022251588607754306742009296273911356304018296451310275343 240 1.98916259109
953977730010119995321764921218672866675375773693479866563187749027976251 241 1.98916259109
1897616813272904281887796185367765303065147652627805780161749017833873313 242 1.98916259109
29709110712648979790231801461484730092157003689635609010540138799615832881 246 1.98916259109
59096251644271408255649440613418223480172940818492913127012071969921729227 247 1.98916259109
14935486342677263111672107642747014082991878379076796443193261711466902583 245 1.98916259109
7508429129698758723032046245739635059240878757289132132244437593269954345 244 1.98916259109
14935486342677263111672107642747014082991878379076796443193261711466902585 245 1.98916259109
3774668377193472692550183176833119455859089267071339443493728305989826593 243 1.98916259109
14935486342677263111672107642747014082991878379076796443193261711466902589 245 1.98916259109
59096251644271408255649440613418223480172940818492913127012071969921729255 247 1.98916259109
465126179934146402242049131117292967236734021192285588665457254280806372703 250 1.98916259109
117552053044662073328977943661706628351716122892067620237498003700091200731 248 1.98916259109
465126179934146402242049131117292967236734021192285588665457254280806372707 250 1.98916259109
1840396298122807101075230293113456952436873653549218705660867782122160768117 252 1.98916259109
7282020837063352450851077835272309809363857313713709905720949875078941389789 254 1.98916259109
3660847469013771804321046565380896863321707311835583947953657407319767965299 253 1.98916259109
925211597263461522088326469950959311081444996436589005737832573640221753395 251 1.98916259109
233830146422739542237753625116200132680953441057606803556499367771252289151 249 1.98916259109
925211597263461522088326469950959311081444996436589005737832573640221753399 251 1.98916259109
3660847469013771804321046565380896863321707311835583947953657407319767965319 253 1.98916259109
7282020837063352450851077835272309809363857313713709905720949875078941389831 254 1.98916259109
14485123436653449386807366883063521346945905741355425690922839658135949312741 255 1.98916259109
28813265667570026091306782694505028382173293789620706221144872368149706270697 256 1.98916259109
897312875114731366076935651151586889918801116512330212758777545670266352105335 261 1.98916259109
7062439633568512703944828210912454025279456678168528219558136696946823437898165 264 1.98916259109
14048340720954114692604100460454565404916573802211513340913973237127040062223269 265 1.98916259109
27944433829064462792819528004952090830220024793750242701304003642135115423290831 266 1.98916259109
110569636349924197759478117381504462182497294546395828337860470897220084177620717 268 1.98916259109
13624728700110643942304561550333086871306704134655660316551084727307568549520383021 275 1.98916259109
213308909654554281342023733116838137071028526138668969891247374031217987087085199987 279 1.98916259109
844013828119576830074883893963326577334804741669227170322517175797857078090103836655 281 1.98916259109
424306103431889511009417741432593481045982872411235901907291311255772411610791796561 280 1.98916259109
844013828119576830074883893963326577334804741669227170322517175797857078090103836657 281 1.98916259109
1678880733261504846339839600275466945772060493899446765713788258944131244021945080369 282 1.98916259109
53909887992461217331267498317902769980935913835946246867586084470697959432917104691 277 1.98916259109
27101800644064898256339943844920358889620693890481390921557379544829523569347958975 276 1.98916259109
53909887992461217331267498317902769980935913835946246867586084470697959432917104693 277 1.98916259109
844013828119576830074883893963326577334804741669227170322517175797857078090103836705 281 1.98916259109
3339566749512252516732925340911188390294366898458879219610422403493308143132680349587 283 1.98916259109
1678880733261504846339839600275466945772060493899446765713788258944131244021945080465 282 1.98916259109
3339566749512252516732925340911188390294366898458879219610422403493308143132680349589 283 1.98916259109
6642941248591165180016795713014306693837115417585985374393137297525451286571392101593 284 1.98916259109
52284295543534576187044494915952215764330923566060396628480663717830138719405768541269 287 1.98916259109
206876817774272343389162784025311749433057852905206323713992865098821647231250657360005 289 1.98916259109
411511626881153201879477650480277764259075879851538024028866613271312533274969915578851 290 1.98916259109
3238865844857196146306290620515899121805698968891986325089183341877640620280914903073905 293 1.98916259109
12815440128172369679969891259167386435215478868231908840440731204488931039983690993809339 295 1.98916259109
25491994091365396224784141884395640858220495800144235618223322525571626578620207367225821 296 1.98916259109
100865901730493281183261495214665854163742432890592541413259007457562467551148406108391629 298 1.98916259109
399102953477916557512959914691912941956154894924393278479720244638028726147456651298896453 300 1.98916259109
3141201463487631167948798134753554487429000027199988854519263622300418175058459121017659139 303 1.98916259109
12429004847413824570484900892070779398911105939953414041196193903696320020302842904460009783 305 1.98916259109
24723311487001590613085974298242505782188959794363905529336936075967279937627504810247986051 306 1.98916259109
387068449759252790001481477818763070604598253940513357969498759098638429038472478915929172297 310 1.98916259109
769942080453853701275309640712719628159044618113678882919046175926366857042905909605089519755 311 1.98916259109
1531539983747893954791939687845032106112630108361153698836059435935137190593970934769117292891 312 1.98916259109
3046482042436026003860823127900023370973373042840533563690376050055336285059881949479774336995 313 1.98916259109
23977807647866342086287634781446705660103833437162090101761086212323965399198932524818496266993 316 1.98916259109
188721040068349880483983116685499158651113818518587725195813167685645218244549657024534706865775 319 1.98916259109
94874617546752116862444837628448572063877690651179302358629151883061794168527349327451678838819 318 1.98916259109
6059948113253391952189815472034083189878794839911164892737763633303244934799264579104332147839 314 1.98916259109
94874617546752116862444837628448572063877690651179302358629151883061794168527349327451678838835 318 1.98916259109
188721040068349880483983116685499158651113818518587725195813167685645218244549657024534706865809 319 1.98916259109
47695757989583383512957863538885318929659017528741286621884616054396648465972468958120688565883 317 1.98916259109
12054222090854324046654681551737324792065280898961973862298355329371510369867752774435408573115 315 1.98916259109
47695757989583383512957863538885318929659017528741286621884616054396648465972468958120688565887 317 1.98916259109
188721040068349880483983116685499158651113818518587725195813167685645218244549657024534706865829 319 1.98916259109
1485358106442603276984990519899217422183684843389562560246841308095725080355831351390999612084643 322 1.98916259109
5877217147550596781130623506476804460974379564581794033645967585698674294054433349720474396137331 324 1.98916259109
746725337130779481905838997219528900058199891567718514065104518578888053726231478552232303913495 321 1.98916259109
375396833056313765412094799585388574686800098524131686809466931020097550545440163693013608397189 320 1.98916259109
746725337130779481905838997219528900058199891567718514065104518578888053726231478552232303913497 321 1.98916259109
5877217147550596781130623506476804460974379564581794033645967585698674294054433349720474396137355 324 1.98916259109
2954618779713848725852590296487116670474862096058552190039197146198582084934912275016749850361015 323 1.98916259109
5877217147550596781130623506476804460974379564581794033645967585698674294054433349720474396137357 324 1.98916259109
92013779440385238693542425315794093074050636185184782947256983491327453396192326310244629605205693 328 1.98916259109
46257545689002428259840279234024087582188289575808750454938517212683593732450600981434250827098333 327 1.98916259109
92013779440385238693542425315794093074050636185184782947256983491327453396192326310244629605205695 328 1.98916259109
364077160916526438923186083285563572567688615923462135844605297711904598168585595582354457082297845 330 1.98916259109
1440568792057035885806287511902498747754818178089260516730335713341577017486792978039376677964618109 332 1.98916259109
2865525551057329648969433057421990316213347829157006572538593849328950522745141416765098135519741789 333 1.98916259109
11338219270067509183881693436561975735400540485512211920349990064961256100951345098847215139312971523 335 1.98916259109
177511291648891045974882398175492202403546388667422268689750959536987668452897171991147685010043939237 339 1.98916259109
